#Layer_Color=9474304
#
#Feature symbol names
#
$0 r6.6666
$1 r5

#
#Feature attribute names
#

#
#Layer features
#
A 2.4904724 0.4035433 2.4904724 0.4035433 2.4704724 0.4035433 0 P 0 N
A 2.500315 0.511811 2.500315 0.511811 2.480315 0.511811 0 P 0 N
A 2.5101575 0.9744094 2.5101575 0.9744094 2.4901575 0.9744094 0 P 0 N
A 2.539685 0.6692913 2.539685 0.6692913 2.519685 0.6692913 0 P 0 N
A 2.539685 0.8267717 2.539685 0.8267717 2.519685 0.8267717 0 P 0 N
A 2.5692126 0.4429134 2.5692126 0.4429134 2.5492126 0.4429134 0 P 0 N
A 2.5692126 0.5413386 2.5692126 0.5413386 2.5492126 0.5413386 0 P 0 N
A 2.6774803 0.4035433 2.6774803 0.4035433 2.6574803 0.4035433 0 P 0 N
A 2.7168504 0.1673228 2.7168504 0.1673228 2.6968504 0.1673228 0 P 0 N
A 2.8841732 0.1476378 2.8841732 0.1476378 2.8641732 0.1476378 0 P 0 N
A 3.0514961 0.226378 3.0514961 0.226378 3.0314961 0.226378 0 P 0 N
A 3.1597638 0.226378 3.1597638 0.226378 3.1397638 0.226378 0 P 0 N
L 0.1630709 0.2444094 0.1830709 0.2044094 1 P 0
L 0.1630709 0.2444094 0.2030709 0.2444094 1 P 0
L 0.1630709 0.2877165 0.1830709 0.2477165 1 P 0
L 0.1630709 0.2877165 0.2030709 0.2877165 1 P 0
L 0.1830709 0.2044094 0.2030709 0.2444094 1 P 0
L 0.1830709 0.2477165 0.2030709 0.2877165 1 P 0
L 0.206378 0.2444094 0.226378 0.2044094 1 P 0
L 0.206378 0.2444094 0.246378 0.2444094 1 P 0
L 0.206378 0.2877165 0.226378 0.2477165 1 P 0
L 0.206378 0.2877165 0.246378 0.2877165 1 P 0
L 0.226378 0.2044094 0.246378 0.2444094 1 P 0
L 0.226378 0.2477165 0.246378 0.2877165 1 P 0
L 0.2496851 0.2444094 0.2696851 0.2044094 1 P 0
L 0.2496851 0.2444094 0.2896851 0.2444094 1 P 0
L 0.2496851 0.2877165 0.2696851 0.2477165 1 P 0
L 0.2496851 0.2877165 0.2896851 0.2877165 1 P 0
L 0.2696851 0.2044094 0.2896851 0.2444094 1 P 0
L 0.2696851 0.2477165 0.2896851 0.2877165 1 P 0
L 0.6099213 0.083937 0.6099213 0.123937 1 P 0
L 0.6099213 0.083937 0.6499213 0.083937 1 P 0
L 0.6099213 0.123937 0.6499213 0.123937 1 P 0
L 0.6099213 0.133937 0.6099213 0.173937 1 P 0
L 0.6099213 0.133937 0.6499213 0.133937 1 P 0
L 0.6099213 0.173937 0.6499213 0.173937 1 P 0
L 0.6099213 0.183937 0.6099213 0.223937 1 P 0
L 0.6099213 0.183937 0.6499213 0.183937 1 P 0
L 0.6099213 0.223937 0.6499213 0.223937 1 P 0
L 0.6099213 0.233937 0.6099213 0.273937 1 P 0
L 0.6099213 0.233937 0.6499213 0.233937 1 P 0
L 0.6099213 0.273937 0.6499213 0.273937 1 P 0
L 0.6099213 0.283937 0.6099213 0.323937 1 P 0
L 0.6099213 0.283937 0.6499213 0.283937 1 P 0
L 0.6099213 0.323937 0.6499213 0.323937 1 P 0
L 0.6099213 0.333937 0.6099213 0.373937 1 P 0
L 0.6099213 0.333937 0.6499213 0.333937 1 P 0
L 0.6099213 0.373937 0.6499213 0.373937 1 P 0
L 0.6099213 0.383937 0.6099213 0.423937 1 P 0
L 0.6099213 0.383937 0.6499213 0.383937 1 P 0
L 0.6099213 0.423937 0.6499213 0.423937 1 P 0
L 0.6099213 0.433937 0.6099213 0.473937 1 P 0
L 0.6099213 0.433937 0.6499213 0.433937 1 P 0
L 0.6099213 0.473937 0.6499213 0.473937 1 P 0
L 0.6099213 0.483937 0.6099213 0.523937 1 P 0
L 0.6099213 0.483937 0.6499213 0.483937 1 P 0
L 0.6099213 0.523937 0.6499213 0.523937 1 P 0
L 0.6099213 0.533937 0.6099213 0.573937 1 P 0
L 0.6099213 0.533937 0.6499213 0.533937 1 P 0
L 0.6099213 0.573937 0.6499213 0.573937 1 P 0
L 0.6099213 0.583937 0.6099213 0.623937 1 P 0
L 0.6099213 0.583937 0.6499213 0.583937 1 P 0
L 0.6099213 0.623937 0.6499213 0.623937 1 P 0
L 0.6099213 0.633937 0.6099213 0.673937 1 P 0
L 0.6099213 0.633937 0.6499213 0.633937 1 P 0
L 0.6099213 0.673937 0.6499213 0.673937 1 P 0
L 0.6099213 0.683937 0.6099213 0.723937 1 P 0
L 0.6099213 0.683937 0.6499213 0.683937 1 P 0
L 0.6099213 0.723937 0.6499213 0.723937 1 P 0
L 0.6099213 0.733937 0.6099213 0.773937 1 P 0
L 0.6099213 0.733937 0.6499213 0.733937 1 P 0
L 0.6099213 0.773937 0.6499213 0.773937 1 P 0
L 0.6099213 0.783937 0.6099213 0.823937 1 P 0
L 0.6099213 0.783937 0.6499213 0.783937 1 P 0
L 0.6099213 0.823937 0.6499213 0.823937 1 P 0
L 0.6099213 0.833937 0.6099213 0.873937 1 P 0
L 0.6099213 0.833937 0.6499213 0.833937 1 P 0
L 0.6099213 0.873937 0.6499213 0.873937 1 P 0
L 0.6099213 0.883937 0.6099213 0.923937 1 P 0
L 0.6099213 0.883937 0.6499213 0.883937 1 P 0
L 0.6099213 0.923937 0.6499213 0.923937 1 P 0
L 0.6099213 0.933937 0.6099213 0.973937 1 P 0
L 0.6099213 0.933937 0.6499213 0.933937 1 P 0
L 0.6099213 0.973937 0.6499213 0.973937 1 P 0
L 0.6099213 0.983937 0.6099213 1.023937 1 P 0
L 0.6099213 0.983937 0.6499213 0.983937 1 P 0
L 0.6099213 1.023937 0.6499213 1.023937 1 P 0
L 0.6099213 1.033937 0.6099213 1.073937 1 P 0
L 0.6099213 1.033937 0.6499213 1.033937 1 P 0
L 0.6099213 1.073937 0.6499213 1.073937 1 P 0
L 0.6499213 0.083937 0.6499213 0.123937 1 P 0
L 0.6499213 0.133937 0.6499213 0.173937 1 P 0
L 0.6499213 0.183937 0.6499213 0.223937 1 P 0
L 0.6499213 0.233937 0.6499213 0.273937 1 P 0
L 0.6499213 0.283937 0.6499213 0.323937 1 P 0
L 0.6499213 0.333937 0.6499213 0.373937 1 P 0
L 0.6499213 0.383937 0.6499213 0.423937 1 P 0
L 0.6499213 0.433937 0.6499213 0.473937 1 P 0
L 0.6499213 0.483937 0.6499213 0.523937 1 P 0
L 0.6499213 0.533937 0.6499213 0.573937 1 P 0
L 0.6499213 0.583937 0.6499213 0.623937 1 P 0
L 0.6499213 0.633937 0.6499213 0.673937 1 P 0
L 0.6499213 0.683937 0.6499213 0.723937 1 P 0
L 0.6499213 0.733937 0.6499213 0.773937 1 P 0
L 0.6499213 0.783937 0.6499213 0.823937 1 P 0
L 0.6499213 0.833937 0.6499213 0.873937 1 P 0
L 0.6499213 0.883937 0.6499213 0.923937 1 P 0
L 0.6499213 0.933937 0.6499213 0.973937 1 P 0
L 0.6499213 0.983937 0.6499213 1.023937 1 P 0
L 0.6499213 1.033937 0.6499213 1.073937 1 P 0
L 0.718189 0.0784252 0.718189 0.1184252 1 P 0
L 0.718189 0.0784252 0.758189 0.0784252 1 P 0
L 0.718189 0.1184252 0.758189 0.1184252 1 P 0
L 0.718189 0.1284252 0.718189 0.1684252 1 P 0
L 0.718189 0.1284252 0.758189 0.1284252 1 P 0
L 0.718189 0.1684252 0.758189 0.1684252 1 P 0
L 0.718189 0.1784252 0.718189 0.2184252 1 P 0
L 0.718189 0.1784252 0.758189 0.1784252 1 P 0
L 0.718189 0.2184252 0.758189 0.2184252 1 P 0
L 0.718189 0.2284252 0.718189 0.2684252 1 P 0
L 0.718189 0.2284252 0.758189 0.2284252 1 P 0
L 0.718189 0.2684252 0.758189 0.2684252 1 P 0
L 0.718189 0.2784252 0.718189 0.3184252 1 P 0
L 0.718189 0.2784252 0.758189 0.2784252 1 P 0
L 0.718189 0.3184252 0.758189 0.3184252 1 P 0
L 0.718189 0.3284252 0.718189 0.3684252 1 P 0
L 0.718189 0.3284252 0.758189 0.3284252 1 P 0
L 0.718189 0.3684252 0.758189 0.3684252 1 P 0
L 0.718189 0.3784252 0.718189 0.4184252 1 P 0
L 0.718189 0.3784252 0.758189 0.3784252 1 P 0
L 0.718189 0.4184252 0.758189 0.4184252 1 P 0
L 0.718189 0.4284252 0.718189 0.4684252 1 P 0
L 0.718189 0.4284252 0.758189 0.4284252 1 P 0
L 0.718189 0.4684252 0.758189 0.4684252 1 P 0
L 0.718189 0.4784252 0.718189 0.5184252 1 P 0
L 0.718189 0.4784252 0.758189 0.4784252 1 P 0
L 0.718189 0.5184252 0.758189 0.5184252 1 P 0
L 0.718189 0.5284252 0.718189 0.5684252 1 P 0
L 0.718189 0.5284252 0.758189 0.5284252 1 P 0
L 0.718189 0.5684252 0.758189 0.5684252 1 P 0
L 0.718189 0.5784252 0.718189 0.6184252 1 P 0
L 0.718189 0.5784252 0.758189 0.5784252 1 P 0
L 0.718189 0.6184252 0.758189 0.6184252 1 P 0
L 0.718189 0.6284252 0.718189 0.6684252 1 P 0
L 0.718189 0.6284252 0.758189 0.6284252 1 P 0
L 0.718189 0.6684252 0.758189 0.6684252 1 P 0
L 0.718189 0.6784252 0.718189 0.7184252 1 P 0
L 0.718189 0.6784252 0.758189 0.6784252 1 P 0
L 0.718189 0.7184252 0.758189 0.7184252 1 P 0
L 0.718189 0.7284252 0.718189 0.7684252 1 P 0
L 0.718189 0.7284252 0.758189 0.7284252 1 P 0
L 0.718189 0.7684252 0.758189 0.7684252 1 P 0
L 0.718189 0.7784252 0.718189 0.8184252 1 P 0
L 0.718189 0.7784252 0.758189 0.7784252 1 P 0
L 0.718189 0.8184252 0.758189 0.8184252 1 P 0
L 0.718189 0.8284252 0.718189 0.8684252 1 P 0
L 0.718189 0.8284252 0.758189 0.8284252 1 P 0
L 0.718189 0.8684252 0.758189 0.8684252 1 P 0
L 0.718189 0.8784252 0.718189 0.9184252 1 P 0
L 0.718189 0.8784252 0.758189 0.8784252 1 P 0
L 0.718189 0.9184252 0.758189 0.9184252 1 P 0
L 0.718189 0.9284252 0.718189 0.9684252 1 P 0
L 0.718189 0.9284252 0.758189 0.9284252 1 P 0
L 0.718189 0.9684252 0.758189 0.9684252 1 P 0
L 0.718189 0.9784252 0.718189 1.0184252 1 P 0
L 0.718189 0.9784252 0.758189 0.9784252 1 P 0
L 0.718189 1.0184252 0.758189 1.0184252 1 P 0
L 0.718189 1.0284252 0.718189 1.0684252 1 P 0
L 0.718189 1.0284252 0.758189 1.0284252 1 P 0
L 0.718189 1.0684252 0.758189 1.0684252 1 P 0
L 0.758189 0.0784252 0.758189 0.1184252 1 P 0
L 0.758189 0.1284252 0.758189 0.1684252 1 P 0
L 0.758189 0.1784252 0.758189 0.2184252 1 P 0
L 0.758189 0.2284252 0.758189 0.2684252 1 P 0
L 0.758189 0.2784252 0.758189 0.3184252 1 P 0
L 0.758189 0.3284252 0.758189 0.3684252 1 P 0
L 0.758189 0.3784252 0.758189 0.4184252 1 P 0
L 0.758189 0.4284252 0.758189 0.4684252 1 P 0
L 0.758189 0.4784252 0.758189 0.5184252 1 P 0
L 0.758189 0.5284252 0.758189 0.5684252 1 P 0
L 0.758189 0.5784252 0.758189 0.6184252 1 P 0
L 0.758189 0.6284252 0.758189 0.6684252 1 P 0
L 0.758189 0.6784252 0.758189 0.7184252 1 P 0
L 0.758189 0.7284252 0.758189 0.7684252 1 P 0
L 0.758189 0.7784252 0.758189 0.8184252 1 P 0
L 0.758189 0.8284252 0.758189 0.8684252 1 P 0
L 0.758189 0.8784252 0.758189 0.9184252 1 P 0
L 0.758189 0.9284252 0.758189 0.9684252 1 P 0
L 0.758189 0.9784252 0.758189 1.0184252 1 P 0
L 0.758189 1.0284252 0.758189 1.0684252 1 P 0
L 1.9780315 0.0784252 1.9780315 0.1184252 1 P 0
L 1.9780315 0.0784252 2.0180315 0.0784252 1 P 0
L 1.9780315 0.1184252 2.0180315 0.1184252 1 P 0
L 1.9780315 0.1284252 1.9780315 0.1684252 1 P 0
L 1.9780315 0.1284252 2.0180315 0.1284252 1 P 0
L 1.9780315 0.1684252 2.0180315 0.1684252 1 P 0
L 1.9780315 0.1784252 1.9780315 0.2184252 1 P 0
L 1.9780315 0.1784252 2.0180315 0.1784252 1 P 0
L 1.9780315 0.2184252 2.0180315 0.2184252 1 P 0
L 1.9780315 0.2284252 1.9780315 0.2684252 1 P 0
L 1.9780315 0.2284252 2.0180315 0.2284252 1 P 0
L 1.9780315 0.2684252 2.0180315 0.2684252 1 P 0
L 1.9780315 0.2784252 1.9780315 0.3184252 1 P 0
L 1.9780315 0.2784252 2.0180315 0.2784252 1 P 0
L 1.9780315 0.3184252 2.0180315 0.3184252 1 P 0
L 1.9780315 0.3284252 1.9780315 0.3684252 1 P 0
L 1.9780315 0.3284252 2.0180315 0.3284252 1 P 0
L 1.9780315 0.3684252 2.0180315 0.3684252 1 P 0
L 1.9780315 0.3784252 1.9780315 0.4184252 1 P 0
L 1.9780315 0.3784252 2.0180315 0.3784252 1 P 0
L 1.9780315 0.4184252 2.0180315 0.4184252 1 P 0
L 1.9780315 0.4284252 1.9780315 0.4684252 1 P 0
L 1.9780315 0.4284252 2.0180315 0.4284252 1 P 0
L 1.9780315 0.4684252 2.0180315 0.4684252 1 P 0
L 1.9780315 0.4784252 1.9780315 0.5184252 1 P 0
L 1.9780315 0.4784252 2.0180315 0.4784252 1 P 0
L 1.9780315 0.5184252 2.0180315 0.5184252 1 P 0
L 1.9780315 0.5284252 1.9780315 0.5684252 1 P 0
L 1.9780315 0.5284252 2.0180315 0.5284252 1 P 0
L 1.9780315 0.5684252 2.0180315 0.5684252 1 P 0
L 1.9780315 0.5784252 1.9780315 0.6184252 1 P 0
L 1.9780315 0.5784252 2.0180315 0.5784252 1 P 0
L 1.9780315 0.6184252 2.0180315 0.6184252 1 P 0
L 1.9780315 0.6284252 1.9780315 0.6684252 1 P 0
L 1.9780315 0.6284252 2.0180315 0.6284252 1 P 0
L 1.9780315 0.6684252 2.0180315 0.6684252 1 P 0
L 1.9780315 0.6784252 1.9780315 0.7184252 1 P 0
L 1.9780315 0.6784252 2.0180315 0.6784252 1 P 0
L 1.9780315 0.7184252 2.0180315 0.7184252 1 P 0
L 1.9780315 0.7284252 1.9780315 0.7684252 1 P 0
L 1.9780315 0.7284252 2.0180315 0.7284252 1 P 0
L 1.9780315 0.7684252 2.0180315 0.7684252 1 P 0
L 1.9780315 0.7784252 1.9780315 0.8184252 1 P 0
L 1.9780315 0.7784252 2.0180315 0.7784252 1 P 0
L 1.9780315 0.8184252 2.0180315 0.8184252 1 P 0
L 1.9780315 0.8284252 1.9780315 0.8684252 1 P 0
L 1.9780315 0.8284252 2.0180315 0.8284252 1 P 0
L 1.9780315 0.8684252 2.0180315 0.8684252 1 P 0
L 1.9780315 0.8784252 1.9780315 0.9184252 1 P 0
L 1.9780315 0.8784252 2.0180315 0.8784252 1 P 0
L 1.9780315 0.9184252 2.0180315 0.9184252 1 P 0
L 1.9780315 0.9284252 1.9780315 0.9684252 1 P 0
L 1.9780315 0.9284252 2.0180315 0.9284252 1 P 0
L 1.9780315 0.9684252 2.0180315 0.9684252 1 P 0
L 1.9780315 0.9784252 1.9780315 1.0184252 1 P 0
L 1.9780315 0.9784252 2.0180315 0.9784252 1 P 0
L 1.9780315 1.0184252 2.0180315 1.0184252 1 P 0
L 1.9780315 1.0284252 1.9780315 1.0684252 1 P 0
L 1.9780315 1.0284252 2.0180315 1.0284252 1 P 0
L 1.9780315 1.0684252 2.0180315 1.0684252 1 P 0
L 2.0180315 0.0784252 2.0180315 0.1184252 1 P 0
L 2.0180315 0.1284252 2.0180315 0.1684252 1 P 0
L 2.0180315 0.1784252 2.0180315 0.2184252 1 P 0
L 2.0180315 0.2284252 2.0180315 0.2684252 1 P 0
L 2.0180315 0.2784252 2.0180315 0.3184252 1 P 0
L 2.0180315 0.3284252 2.0180315 0.3684252 1 P 0
L 2.0180315 0.3784252 2.0180315 0.4184252 1 P 0
L 2.0180315 0.4284252 2.0180315 0.4684252 1 P 0
L 2.0180315 0.4784252 2.0180315 0.5184252 1 P 0
L 2.0180315 0.5284252 2.0180315 0.5684252 1 P 0
L 2.0180315 0.5784252 2.0180315 0.6184252 1 P 0
L 2.0180315 0.6284252 2.0180315 0.6684252 1 P 0
L 2.0180315 0.6784252 2.0180315 0.7184252 1 P 0
L 2.0180315 0.7284252 2.0180315 0.7684252 1 P 0
L 2.0180315 0.7784252 2.0180315 0.8184252 1 P 0
L 2.0180315 0.8284252 2.0180315 0.8684252 1 P 0
L 2.0180315 0.8784252 2.0180315 0.9184252 1 P 0
L 2.0180315 0.9284252 2.0180315 0.9684252 1 P 0
L 2.0180315 0.9784252 2.0180315 1.0184252 1 P 0
L 2.0180315 1.0284252 2.0180315 1.0684252 1 P 0
L 2.0764567 0.0784252 2.0764567 0.1184252 1 P 0
L 2.0764567 0.0784252 2.1164567 0.0784252 1 P 0
L 2.0764567 0.1184252 2.1164567 0.1184252 1 P 0
L 2.0764567 0.1284252 2.0764567 0.1684252 1 P 0
L 2.0764567 0.1284252 2.1164567 0.1284252 1 P 0
L 2.0764567 0.1684252 2.1164567 0.1684252 1 P 0
L 2.0764567 0.1784252 2.0764567 0.2184252 1 P 0
L 2.0764567 0.1784252 2.1164567 0.1784252 1 P 0
L 2.0764567 0.2184252 2.1164567 0.2184252 1 P 0
L 2.0764567 0.2284252 2.0764567 0.2684252 1 P 0
L 2.0764567 0.2284252 2.1164567 0.2284252 1 P 0
L 2.0764567 0.2684252 2.1164567 0.2684252 1 P 0
L 2.0764567 0.2784252 2.0764567 0.3184252 1 P 0
L 2.0764567 0.2784252 2.1164567 0.2784252 1 P 0
L 2.0764567 0.3184252 2.1164567 0.3184252 1 P 0
L 2.0764567 0.3284252 2.0764567 0.3684252 1 P 0
L 2.0764567 0.3284252 2.1164567 0.3284252 1 P 0
L 2.0764567 0.3684252 2.1164567 0.3684252 1 P 0
L 2.0764567 0.3784252 2.0764567 0.4184252 1 P 0
L 2.0764567 0.3784252 2.1164567 0.3784252 1 P 0
L 2.0764567 0.4184252 2.1164567 0.4184252 1 P 0
L 2.0764567 0.4284252 2.0764567 0.4684252 1 P 0
L 2.0764567 0.4284252 2.1164567 0.4284252 1 P 0
L 2.0764567 0.4684252 2.1164567 0.4684252 1 P 0
L 2.0764567 0.4784252 2.0764567 0.5184252 1 P 0
L 2.0764567 0.4784252 2.1164567 0.4784252 1 P 0
L 2.0764567 0.5184252 2.1164567 0.5184252 1 P 0
L 2.0764567 0.5284252 2.0764567 0.5684252 1 P 0
L 2.0764567 0.5284252 2.1164567 0.5284252 1 P 0
L 2.0764567 0.5684252 2.1164567 0.5684252 1 P 0
L 2.0764567 0.5784252 2.0764567 0.6184252 1 P 0
L 2.0764567 0.5784252 2.1164567 0.5784252 1 P 0
L 2.0764567 0.6184252 2.1164567 0.6184252 1 P 0
L 2.0764567 0.6284252 2.0764567 0.6684252 1 P 0
L 2.0764567 0.6284252 2.1164567 0.6284252 1 P 0
L 2.0764567 0.6684252 2.1164567 0.6684252 1 P 0
L 2.0764567 0.6784252 2.0764567 0.7184252 1 P 0
L 2.0764567 0.6784252 2.1164567 0.6784252 1 P 0
L 2.0764567 0.7184252 2.1164567 0.7184252 1 P 0
L 2.0764567 0.7284252 2.0764567 0.7684252 1 P 0
L 2.0764567 0.7284252 2.1164567 0.7284252 1 P 0
L 2.0764567 0.7684252 2.1164567 0.7684252 1 P 0
L 2.0764567 0.7784252 2.0764567 0.8184252 1 P 0
L 2.0764567 0.7784252 2.1164567 0.7784252 1 P 0
L 2.0764567 0.8184252 2.1164567 0.8184252 1 P 0
L 2.0764567 0.8284252 2.0764567 0.8684252 1 P 0
L 2.0764567 0.8284252 2.1164567 0.8284252 1 P 0
L 2.0764567 0.8684252 2.1164567 0.8684252 1 P 0
L 2.0764567 0.8784252 2.0764567 0.9184252 1 P 0
L 2.0764567 0.8784252 2.1164567 0.8784252 1 P 0
L 2.0764567 0.9184252 2.1164567 0.9184252 1 P 0
L 2.0764567 0.9284252 2.0764567 0.9684252 1 P 0
L 2.0764567 0.9284252 2.1164567 0.9284252 1 P 0
L 2.0764567 0.9684252 2.1164567 0.9684252 1 P 0
L 2.0764567 0.9784252 2.0764567 1.0184252 1 P 0
L 2.0764567 0.9784252 2.1164567 0.9784252 1 P 0
L 2.0764567 1.0184252 2.1164567 1.0184252 1 P 0
L 2.0764567 1.0284252 2.0764567 1.0684252 1 P 0
L 2.0764567 1.0284252 2.1164567 1.0284252 1 P 0
L 2.0764567 1.0684252 2.1164567 1.0684252 1 P 0
L 2.1164567 0.0784252 2.1164567 0.1184252 1 P 0
L 2.1164567 0.1284252 2.1164567 0.1684252 1 P 0
L 2.1164567 0.1784252 2.1164567 0.2184252 1 P 0
L 2.1164567 0.2284252 2.1164567 0.2684252 1 P 0
L 2.1164567 0.2784252 2.1164567 0.3184252 1 P 0
L 2.1164567 0.3284252 2.1164567 0.3684252 1 P 0
L 2.1164567 0.3784252 2.1164567 0.4184252 1 P 0
L 2.1164567 0.4284252 2.1164567 0.4684252 1 P 0
L 2.1164567 0.4784252 2.1164567 0.5184252 1 P 0
L 2.1164567 0.5284252 2.1164567 0.5684252 1 P 0
L 2.1164567 0.5784252 2.1164567 0.6184252 1 P 0
L 2.1164567 0.6284252 2.1164567 0.6684252 1 P 0
L 2.1164567 0.6784252 2.1164567 0.7184252 1 P 0
L 2.1164567 0.7284252 2.1164567 0.7684252 1 P 0
L 2.1164567 0.7784252 2.1164567 0.8184252 1 P 0
L 2.1164567 0.8284252 2.1164567 0.8684252 1 P 0
L 2.1164567 0.8784252 2.1164567 0.9184252 1 P 0
L 2.1164567 0.9284252 2.1164567 0.9684252 1 P 0
L 2.1164567 0.9784252 2.1164567 1.0184252 1 P 0
L 2.1164567 1.0284252 2.1164567 1.0684252 1 P 0
